 X =-2.521284379342332E+07 Y = 1.449275853251218E+08 Z =-6.164126069843769E+02
 VX=-2.983976741910417E+01 VY=-5.208022890774001E+00 VZ= 6.186440483424427E-05
