 X = 5.989086573626335E+08 Y = 4.391233031562405E+08 Z =-1.523250224313208E+07
 VX=-7.901950665997565E+00 VY= 1.116316590959223E+01 VZ= 1.306734508253466E-01
