 X = 2.079951380956707E+08 Y =-3.141322035674162E+06 Z =-5.178747931267839E+06
 VX= 1.294806915076418E+00 VY= 2.629442364899445E+01 VZ= 5.190146417499140E-01
