 X =-2.105026852423806E+07 Y =-6.640742687864254E+07 Z =-3.492726310096893E+06
 VX= 3.665351543822644E+01 VY=-1.228817123195409E+01 VZ=-4.368085371024197E+00
