 X = 2.514853568995299E+09 Y =-3.738847217254168E+09 Z = 1.903958813534355E+07
 VX= 4.465682320525912E+00 VY= 3.076494075691529E+00 VZ=-1.657060423544080E-01
