 X = 9.587058603584358E+08 Y = 9.825656429820189E+08 Z =-5.522064490906411E+07
 VX=-7.428889155788738E+00 VY= 6.738811232116314E+00 VZ= 1.776644469342417E-01
