 X = 0.000000000000000E+00 Y = 0.000000000000000E+00 Z = 0.000000000000000E+00
 VX= 0.000000000000000E+00 VY= 0.000000000000000E+00 VZ= 0.000000000000000E+00
