 X = 2.158774997386652E+09 Y =-2.054824854194477E+09 Z =-3.562361443096757E+07
 VX= 4.637647983474515E+00 VY= 4.627193726554563E+00 VZ=-4.285052190035543E-02
