 X =-1.075054931787504E+08 Y =-3.368777320466838E+06 Z = 6.159185651086516E+06
 VX= 8.898921125799434E-01 VY=-3.515918480377888E+01 VZ=-5.319013793901401E-01
